.Random.seed <-
c(403L, 618L, -1768269854L, 860749652L, -89181609L, 1732764237L, 
2001208804L, 335339466L, 1314415157L, -988485489L, -1481762410L, 
-1087331008L, -42027005L, 899426849L, -1222103792L, -1123556626L, 
1889631897L, -1241956565L, -1088832998L, 1734486236L, -107092769L, 
1328472757L, -1473334196L, -983136094L, 870397L, 1312929015L, 
-956800482L, 400252120L, -582574021L, -446830119L, -2015916184L, 
-93044074L, -42890223L, 1558109635L, -834903598L, -644978588L, 
1100957607L, 1304709373L, -214557452L, -1220117542L, -1884238043L, 
650188351L, -373006906L, -280561072L, 524056179L, -1691845999L, 
-1542733120L, 97248414L, -1016870807L, -237034341L, -1786241622L, 
-1313354292L, 318922895L, -1078353723L, -1116778372L, 776137938L, 
-796031923L, 1535218951L, 476838126L, 48814536L, -1447051573L, 
1577234217L, 1692284792L, -1010791258L, -2145001791L, 1479841619L, 
-1452846078L, 986476852L, -412296521L, -1228732755L, 952043460L, 
263942122L, 1254076501L, -1862431249L, 1374950902L, 1801302816L, 
1174924515L, -1016108671L, 881713136L, 955219598L, -399228423L, 
-1319908469L, 194152378L, 777864892L, -1578770945L, -565011627L, 
1303284844L, -1807193918L, -332842211L, -962874985L, -682333954L, 
2980536L, -1425095525L, 81838841L, -1137933240L, 818669430L, 
-1995267407L, 1955803875L, -719441486L, 1574601220L, -2059667129L, 
661193757L, -682935660L, -1376079302L, -1456030587L, -1181949601L, 
92975590L, -1339531152L, 414622611L, 1447224369L, -1019974944L, 
-765269122L, 2020565513L, -1741133253L, -906693622L, -96711700L, 
229777519L, -1778106459L, 310888284L, 1030900530L, -239291859L, 
2047353063L, 1057214990L, -626528280L, -1153166869L, -76422519L, 
-134260200L, -1553166010L, -706699359L, -728575437L, -1761202270L, 
49719956L, 1699733783L, -2106032371L, -1333823964L, -659890678L, 
-104863883L, -439749937L, -86686250L, 1567918464L, -1328037437L, 
-58042527L, -764383792L, 224156974L, -66229031L, -1989171477L, 
669729626L, 1425478940L, 1144480799L, 453486709L, -1017776884L, 
-1914611486L, 1175441853L, 814437943L, 1204833502L, 833968152L, 
-834566277L, 2096662297L, 1906252712L, 2045610838L, 1018106833L, 
-1214597245L, 1267442194L, 478950820L, -1721077401L, 1440308925L, 
331294260L, 738057626L, 1569106405L, 1932957055L, -1855546106L, 
251414160L, -752267469L, -1058386735L, -1892379008L, 624017246L, 
-521823063L, -890204325L, 506193258L, 838576140L, 368476239L, 
754579717L, 817197500L, 2708626L, 1054265229L, 64722887L, -1675678546L, 
1913470216L, 1326783243L, 73283049L, 317530808L, -55532186L, 
83574273L, -1556248429L, 77632322L, -832639756L, -1640613641L, 
-240946963L, -1829670012L, 739569066L, 1291113237L, -1589218897L, 
24408502L, 1368655840L, -1270954205L, 721926209L, 136500016L, 
1973754190L, -914592839L, -1264878133L, 390688378L, -128220292L, 
579177407L, 1211397269L, 37591724L, -1348577150L, -2080229283L, 
1138175831L, -2138639810L, -1229130120L, 1053398363L, -1611983687L, 
-1609499384L, -647594058L, -1921522447L, 1298228003L, 594130290L, 
1599803332L, -1785513081L, 1461416176L, 167542852L, 1627458904L, 
1127785018L, -555540624L, 2130471996L, -772191468L, -1984670270L, 
2097665760L, -464981124L, 361501392L, 658101410L, 1971120168L, 
-1377220340L, -267004996L, -220396238L, 790610368L, 726626868L, 
1212336072L, 902161594L, 1387764112L, -1192107540L, -1293697452L, 
752610450L, 998914848L, 167010764L, 189791712L, -272273726L, 
482652200L, -1618420052L, 1057697980L, 1303811570L, 325688624L, 
-1638087516L, -1146232136L, 865794394L, 415109520L, -1892446340L, 
1044326676L, 209203010L, 1735888640L, -2006670404L, -1463141552L, 
-935604446L, 1102505288L, 683329036L, 512188508L, -152995630L, 
526923264L, -316065452L, -1203288600L, -238394374L, 314272976L, 
7551276L, 1380022004L, 779056530L, -1222303648L, 1058534668L, 
936887008L, 31696226L, -2100262232L, -799985076L, 1216130428L, 
1358127410L, 1449909360L, 1512293188L, 1075182040L, -1344226182L, 
-850969040L, 1937498812L, -1459385516L, -1452195774L, -1054615136L, 
1452181180L, -294025776L, -1136300702L, -1773330456L, 116166604L, 
1016494844L, -1747624462L, -1753639808L, 1155473652L, 923329160L, 
-325418182L, -1085403312L, -1287654804L, 2104375444L, -1579208366L, 
1668728544L, 1831243468L, 276222112L, 899213186L, 2042394344L, 
319217388L, 1086840892L, 1304989298L, 1603066992L, 1001263652L, 
452608056L, 1232295962L, 327976656L, -1024013252L, 1028863124L, 
-55863166L, -953430080L, -446789316L, -488391024L, 401999906L, 
1674434568L, -1221460852L, -1831558116L, -491748718L, 1827119232L, 
-880810988L, -945745624L, -500155846L, -65018672L, 350682220L, 
946904756L, 1068439570L, -607555616L, -2031715380L, 727832032L, 
-430425566L, 2111423784L, -952656628L, 1144698428L, -1891809038L, 
1060447984L, 742125380L, -788847016L, -1627985350L, 1502580464L, 
-2110842692L, 777652756L, -94581566L, 1064021088L, 76414332L, 
1164970192L, -687195102L, 1307809448L, 1364642700L, 835126716L, 
-675351502L, -1622233280L, 1991886004L, -699089080L, 1577329338L, 
653061904L, -950766356L, -312894380L, 1453874962L, -2072850528L, 
54088652L, 1977224032L, 1513792706L, -1582006744L, 17481132L, 
-1605625028L, -1714083982L, -1551409360L, 1525278244L, 514137144L, 
2081765594L, -1962955376L, 1269152508L, -1879121004L, 1406439234L, 
1657746944L, 599432764L, 961135184L, -1280127326L, 1221552968L, 
1441255948L, 1434032348L, -1105503662L, -1466476416L, 351560532L, 
-894468632L, 293297914L, -442844336L, 1999481900L, -276518540L, 
538470034L, 224988768L, 2128242316L, -2055186592L, 2085827298L, 
-651124568L, -1481827124L, -283721220L, -1761994830L, -1900529168L, 
-1577790012L, 1314501464L, -1329807494L, 1482892720L, 463769020L, 
-1194824620L, -2040758334L, -377825504L, 920589244L, 1991609936L, 
487492066L, -1079024280L, 1036485964L, 76668156L, -1862331662L, 
-485872896L, -1364648332L, -188474360L, 1405692346L, -1074058288L, 
-1624357396L, 1459531668L, 474144466L, 1079339616L, -2001504948L, 
-662138592L, -1086482814L, 193332712L, -1009980436L, 1275333180L, 
834840178L, -551937168L, 1012758820L, 462232120L, 617586743L, 
-264734016L, 213433758L, -431845781L, -928381459L, -1904896934L, 
-2079628520L, 1447184513L, 190426675L, 870069332L, 148320354L, 
-1151420681L, 800835905L, 460386246L, -76114684L, 1142639797L, 
1805675423L, -2117696520L, 1201692118L, -1196710813L, 303206437L, 
1319282626L, -1111278416L, -1287571239L, 1835052619L, -936917828L, 
376847082L, 1805925151L, 263500713L, 1122055486L, 837663788L, 
-1527776643L, 1784607943L, 1290539440L, -569525298L, -168105733L, 
1086664541L, 1301646474L, 1125595816L, -1062943215L, 978573059L, 
1475981828L, -391759310L, 46295687L, 1244204753L, -399697834L, 
357214260L, 1085737797L, 494778767L, 1732030728L, -91280602L, 
1043194835L, 558257461L, -1360563054L, 1823943776L, -15480375L, 
-2127535877L, -2047287604L, 698389338L, -1635256753L, -764882151L, 
277302574L, 533387068L, -227609427L, 2029537111L, -1525658976L, 
1485153278L, 1824133835L, -788839219L, -1218902022L, -1076143048L, 
1450773985L, -1207626093L, -1001737036L, -164053566L, 1365839319L, 
-1506291167L, -1015627290L, 721967332L, 1571383317L, -751658945L, 
-1851099176L, 981826038L, 324721155L, -739996347L, 1158510946L, 
2131964624L, 423439865L, 592725291L, -734927204L, 1618601162L, 
-623899201L, 1756672265L, -1811869154L, 388358092L, -912499299L, 
146389031L, -761895344L, 1330639598L, -552535141L, 1335118333L, 
1248742634L, 799229832L, 1982050609L, -1206251101L, 1036723620L, 
-2090502062L, -1187398745L, 724443121L, 431917878L, -158009388L, 
607391077L, 223052143L, 67640232L, -838913786L, 235442227L, -1616443755L, 
-316539150L, 1020268352L, -1957303127L, -2028523237L, 405866220L, 
1389148922L, 1391510319L, 187992889L, 1227902286L, 468675484L, 
1846960397L, 1667097463L, -1572448384L, -1832434210L, 957471403L, 
1444132269L, 828107290L, 956361944L, 1528516929L, 897198579L, 
-454680556L, 1805165986L, 9511607L, 395660417L, -3687290L, 753359044L, 
